{
 "cells": [
  {
   "cell_type": "code",
   "execution_count": 24,
   "metadata": {},
   "outputs": [],
   "source": [
    "import websocket\n",
    "import json\n",
    "from ipywidgets import interact, interactive, fixed, interact_manual\n",
    "\n",
    "import pandas\n",
    "import statistics\n",
    "import os\n",
    "import threading\n",
    "import time\n",
    "import importlib\n",
    "import sys\n",
    "import warnings\n",
    "mpath = os.getcwd() + '/libs'\n",
    "sys.path.append(mpath)"
   ]
  },
  {
   "cell_type": "code",
   "execution_count": 13,
   "metadata": {},
   "outputs": [
    {
     "data": {
      "text/plain": [
       "<module 'pairs' from 'C:\\\\Users\\\\dell\\\\Documents\\\\GitHub\\\\BINARY_Python/libs\\\\pairs.py'>"
      ]
     },
     "execution_count": 13,
     "metadata": {},
     "output_type": "execute_result"
    }
   ],
   "source": [
    "import SharedObjects\n",
    "import pairs\n",
    "importlib.reload(SharedObjects)\n",
    "importlib.reload(pairs)"
   ]
  },
  {
   "cell_type": "code",
   "execution_count": 14,
   "metadata": {},
   "outputs": [],
   "source": [
    "ws = None\n",
    "data = None\n",
    "\n",
    "apiUrl = \"wss://ws.binaryws.com/websockets/v3?app_id=15805\"\n",
    "def on_open(ws):\n",
    "    json_data = json.dumps({'authorize':'1aStI5HCcty55Ly'})\n",
    "    ws.send(json_data)\n",
    "    return\n",
    "\n",
    "def on_message(ws, message):\n",
    "    global data\n",
    "    data = json.loads(message)\n",
    "    sh_obj.update(data)\n",
    "    return\n",
    "    \n",
    "ws = websocket.WebSocketApp(apiUrl, on_message = on_message, on_open = on_open)\n",
    "sh_obj = SharedObjects.SharedObjects(ws)"
   ]
  },
  {
   "cell_type": "code",
   "execution_count": 15,
   "metadata": {},
   "outputs": [],
   "source": [
    "#sh_obj.prs.get('frxAUDUSD').standardized_prices"
   ]
  },
  {
   "cell_type": "code",
   "execution_count": 20,
   "metadata": {},
   "outputs": [
    {
     "data": {
      "text/html": [
       "<div>\n",
       "<style scoped>\n",
       "    .dataframe tbody tr th:only-of-type {\n",
       "        vertical-align: middle;\n",
       "    }\n",
       "\n",
       "    .dataframe tbody tr th {\n",
       "        vertical-align: top;\n",
       "    }\n",
       "\n",
       "    .dataframe thead th {\n",
       "        text-align: right;\n",
       "    }\n",
       "</style>\n",
       "<table border=\"1\" class=\"dataframe\">\n",
       "  <thead>\n",
       "    <tr style=\"text-align: right;\">\n",
       "      <th></th>\n",
       "      <th>frxAUDJPY</th>\n",
       "      <th>frxGBPAUD</th>\n",
       "      <th>frxUSDJPY</th>\n",
       "      <th>frxUSDCAD</th>\n",
       "      <th>frxGBPUSD</th>\n",
       "      <th>frxEURGBP</th>\n",
       "      <th>frxAUDUSD</th>\n",
       "      <th>frxEURJPY</th>\n",
       "      <th>frxGBPJPY</th>\n",
       "      <th>frxUSDCHF</th>\n",
       "      <th>frxEURUSD</th>\n",
       "      <th>frxEURCAD</th>\n",
       "      <th>frxEURCHF</th>\n",
       "      <th>frxEURAUD</th>\n",
       "    </tr>\n",
       "  </thead>\n",
       "  <tbody>\n",
       "    <tr>\n",
       "      <th>frxAUDJPY</th>\n",
       "      <td>0.00000</td>\n",
       "      <td>-0.07453</td>\n",
       "      <td>0.64684</td>\n",
       "      <td>0.15818</td>\n",
       "      <td>-0.31366</td>\n",
       "      <td>0.02024</td>\n",
       "      <td>-0.11032</td>\n",
       "      <td>0.75731</td>\n",
       "      <td>0.69772</td>\n",
       "      <td>0.32902</td>\n",
       "      <td>-0.20481</td>\n",
       "      <td>-0.09707</td>\n",
       "      <td>0.20646</td>\n",
       "      <td>-0.08964</td>\n",
       "    </tr>\n",
       "    <tr>\n",
       "      <th>frxGBPAUD</th>\n",
       "      <td>-0.07453</td>\n",
       "      <td>0.00000</td>\n",
       "      <td>0.25692</td>\n",
       "      <td>0.50456</td>\n",
       "      <td>-0.29641</td>\n",
       "      <td>-0.44941</td>\n",
       "      <td>-0.71605</td>\n",
       "      <td>0.08118</td>\n",
       "      <td>0.23083</td>\n",
       "      <td>0.37514</td>\n",
       "      <td>-0.47221</td>\n",
       "      <td>-0.18118</td>\n",
       "      <td>-0.28074</td>\n",
       "      <td>0.53556</td>\n",
       "    </tr>\n",
       "    <tr>\n",
       "      <th>frxUSDJPY</th>\n",
       "      <td>0.64684</td>\n",
       "      <td>0.25692</td>\n",
       "      <td>0.00000</td>\n",
       "      <td>0.47235</td>\n",
       "      <td>-0.55196</td>\n",
       "      <td>-0.19690</td>\n",
       "      <td>-0.46703</td>\n",
       "      <td>0.72807</td>\n",
       "      <td>0.86966</td>\n",
       "      <td>0.58399</td>\n",
       "      <td>-0.50061</td>\n",
       "      <td>-0.24608</td>\n",
       "      <td>0.01197</td>\n",
       "      <td>0.09320</td>\n",
       "    </tr>\n",
       "    <tr>\n",
       "      <th>frxUSDCAD</th>\n",
       "      <td>0.15818</td>\n",
       "      <td>0.50456</td>\n",
       "      <td>0.47235</td>\n",
       "      <td>0.00000</td>\n",
       "      <td>-0.62294</td>\n",
       "      <td>-0.38936</td>\n",
       "      <td>-0.70937</td>\n",
       "      <td>0.24221</td>\n",
       "      <td>0.39447</td>\n",
       "      <td>0.51876</td>\n",
       "      <td>-0.68215</td>\n",
       "      <td>-0.17386</td>\n",
       "      <td>-0.26437</td>\n",
       "      <td>0.22639</td>\n",
       "    </tr>\n",
       "    <tr>\n",
       "      <th>frxGBPUSD</th>\n",
       "      <td>-0.31366</td>\n",
       "      <td>-0.29641</td>\n",
       "      <td>-0.55196</td>\n",
       "      <td>-0.62294</td>\n",
       "      <td>0.00000</td>\n",
       "      <td>0.22521</td>\n",
       "      <td>0.59221</td>\n",
       "      <td>-0.41075</td>\n",
       "      <td>-0.41643</td>\n",
       "      <td>-0.58840</td>\n",
       "      <td>0.66721</td>\n",
       "      <td>0.26013</td>\n",
       "      <td>0.13108</td>\n",
       "      <td>-0.22154</td>\n",
       "    </tr>\n",
       "    <tr>\n",
       "      <th>frxEURGBP</th>\n",
       "      <td>0.02024</td>\n",
       "      <td>-0.44941</td>\n",
       "      <td>-0.19690</td>\n",
       "      <td>-0.38936</td>\n",
       "      <td>0.22521</td>\n",
       "      <td>0.00000</td>\n",
       "      <td>0.45507</td>\n",
       "      <td>0.03954</td>\n",
       "      <td>-0.17395</td>\n",
       "      <td>-0.35744</td>\n",
       "      <td>0.56900</td>\n",
       "      <td>0.55467</td>\n",
       "      <td>0.39545</td>\n",
       "      <td>0.01979</td>\n",
       "    </tr>\n",
       "    <tr>\n",
       "      <th>frxAUDUSD</th>\n",
       "      <td>-0.11032</td>\n",
       "      <td>-0.71605</td>\n",
       "      <td>-0.46703</td>\n",
       "      <td>-0.70937</td>\n",
       "      <td>0.59221</td>\n",
       "      <td>0.45507</td>\n",
       "      <td>0.00000</td>\n",
       "      <td>-0.24393</td>\n",
       "      <td>-0.39161</td>\n",
       "      <td>-0.58603</td>\n",
       "      <td>0.70841</td>\n",
       "      <td>0.29748</td>\n",
       "      <td>0.24475</td>\n",
       "      <td>-0.39335</td>\n",
       "    </tr>\n",
       "    <tr>\n",
       "      <th>frxEURJPY</th>\n",
       "      <td>0.75731</td>\n",
       "      <td>0.08118</td>\n",
       "      <td>0.72807</td>\n",
       "      <td>0.24221</td>\n",
       "      <td>-0.41075</td>\n",
       "      <td>0.03954</td>\n",
       "      <td>-0.24393</td>\n",
       "      <td>0.00000</td>\n",
       "      <td>0.78988</td>\n",
       "      <td>0.38581</td>\n",
       "      <td>-0.22573</td>\n",
       "      <td>-0.01445</td>\n",
       "      <td>0.20085</td>\n",
       "      <td>0.15634</td>\n",
       "    </tr>\n",
       "    <tr>\n",
       "      <th>frxGBPJPY</th>\n",
       "      <td>0.69772</td>\n",
       "      <td>0.23083</td>\n",
       "      <td>0.86966</td>\n",
       "      <td>0.39447</td>\n",
       "      <td>-0.41643</td>\n",
       "      <td>-0.17395</td>\n",
       "      <td>-0.39161</td>\n",
       "      <td>0.78988</td>\n",
       "      <td>0.00000</td>\n",
       "      <td>0.52041</td>\n",
       "      <td>-0.40639</td>\n",
       "      <td>-0.18871</td>\n",
       "      <td>0.06685</td>\n",
       "      <td>0.08030</td>\n",
       "    </tr>\n",
       "    <tr>\n",
       "      <th>frxUSDCHF</th>\n",
       "      <td>0.32902</td>\n",
       "      <td>0.37514</td>\n",
       "      <td>0.58399</td>\n",
       "      <td>0.51876</td>\n",
       "      <td>-0.58840</td>\n",
       "      <td>-0.35744</td>\n",
       "      <td>-0.58603</td>\n",
       "      <td>0.38581</td>\n",
       "      <td>0.52041</td>\n",
       "      <td>0.00000</td>\n",
       "      <td>-0.65251</td>\n",
       "      <td>-0.38098</td>\n",
       "      <td>0.03579</td>\n",
       "      <td>0.11988</td>\n",
       "    </tr>\n",
       "    <tr>\n",
       "      <th>frxEURUSD</th>\n",
       "      <td>-0.20481</td>\n",
       "      <td>-0.47221</td>\n",
       "      <td>-0.50061</td>\n",
       "      <td>-0.68215</td>\n",
       "      <td>0.66721</td>\n",
       "      <td>0.56900</td>\n",
       "      <td>0.70841</td>\n",
       "      <td>-0.22573</td>\n",
       "      <td>-0.40639</td>\n",
       "      <td>-0.65251</td>\n",
       "      <td>0.00000</td>\n",
       "      <td>0.49692</td>\n",
       "      <td>0.31817</td>\n",
       "      <td>-0.09565</td>\n",
       "    </tr>\n",
       "    <tr>\n",
       "      <th>frxEURCAD</th>\n",
       "      <td>-0.09707</td>\n",
       "      <td>-0.18118</td>\n",
       "      <td>-0.24608</td>\n",
       "      <td>-0.17386</td>\n",
       "      <td>0.26013</td>\n",
       "      <td>0.55467</td>\n",
       "      <td>0.29748</td>\n",
       "      <td>-0.01445</td>\n",
       "      <td>-0.18871</td>\n",
       "      <td>-0.38098</td>\n",
       "      <td>0.49692</td>\n",
       "      <td>0.00000</td>\n",
       "      <td>0.20291</td>\n",
       "      <td>0.21898</td>\n",
       "    </tr>\n",
       "    <tr>\n",
       "      <th>frxEURCHF</th>\n",
       "      <td>0.20646</td>\n",
       "      <td>-0.28074</td>\n",
       "      <td>0.01197</td>\n",
       "      <td>-0.26437</td>\n",
       "      <td>0.13108</td>\n",
       "      <td>0.39545</td>\n",
       "      <td>0.24475</td>\n",
       "      <td>0.20085</td>\n",
       "      <td>0.06685</td>\n",
       "      <td>0.03579</td>\n",
       "      <td>0.31817</td>\n",
       "      <td>0.20291</td>\n",
       "      <td>0.00000</td>\n",
       "      <td>-0.03842</td>\n",
       "    </tr>\n",
       "    <tr>\n",
       "      <th>frxEURAUD</th>\n",
       "      <td>-0.08964</td>\n",
       "      <td>0.53556</td>\n",
       "      <td>0.09320</td>\n",
       "      <td>0.22639</td>\n",
       "      <td>-0.22154</td>\n",
       "      <td>0.01979</td>\n",
       "      <td>-0.39335</td>\n",
       "      <td>0.15634</td>\n",
       "      <td>0.08030</td>\n",
       "      <td>0.11988</td>\n",
       "      <td>-0.09565</td>\n",
       "      <td>0.21898</td>\n",
       "      <td>-0.03842</td>\n",
       "      <td>0.00000</td>\n",
       "    </tr>\n",
       "  </tbody>\n",
       "</table>\n",
       "</div>"
      ],
      "text/plain": [
       "           frxAUDJPY  frxGBPAUD  frxUSDJPY  frxUSDCAD  frxGBPUSD  frxEURGBP  \\\n",
       "frxAUDJPY    0.00000   -0.07453    0.64684    0.15818   -0.31366    0.02024   \n",
       "frxGBPAUD   -0.07453    0.00000    0.25692    0.50456   -0.29641   -0.44941   \n",
       "frxUSDJPY    0.64684    0.25692    0.00000    0.47235   -0.55196   -0.19690   \n",
       "frxUSDCAD    0.15818    0.50456    0.47235    0.00000   -0.62294   -0.38936   \n",
       "frxGBPUSD   -0.31366   -0.29641   -0.55196   -0.62294    0.00000    0.22521   \n",
       "frxEURGBP    0.02024   -0.44941   -0.19690   -0.38936    0.22521    0.00000   \n",
       "frxAUDUSD   -0.11032   -0.71605   -0.46703   -0.70937    0.59221    0.45507   \n",
       "frxEURJPY    0.75731    0.08118    0.72807    0.24221   -0.41075    0.03954   \n",
       "frxGBPJPY    0.69772    0.23083    0.86966    0.39447   -0.41643   -0.17395   \n",
       "frxUSDCHF    0.32902    0.37514    0.58399    0.51876   -0.58840   -0.35744   \n",
       "frxEURUSD   -0.20481   -0.47221   -0.50061   -0.68215    0.66721    0.56900   \n",
       "frxEURCAD   -0.09707   -0.18118   -0.24608   -0.17386    0.26013    0.55467   \n",
       "frxEURCHF    0.20646   -0.28074    0.01197   -0.26437    0.13108    0.39545   \n",
       "frxEURAUD   -0.08964    0.53556    0.09320    0.22639   -0.22154    0.01979   \n",
       "\n",
       "           frxAUDUSD  frxEURJPY  frxGBPJPY  frxUSDCHF  frxEURUSD  frxEURCAD  \\\n",
       "frxAUDJPY   -0.11032    0.75731    0.69772    0.32902   -0.20481   -0.09707   \n",
       "frxGBPAUD   -0.71605    0.08118    0.23083    0.37514   -0.47221   -0.18118   \n",
       "frxUSDJPY   -0.46703    0.72807    0.86966    0.58399   -0.50061   -0.24608   \n",
       "frxUSDCAD   -0.70937    0.24221    0.39447    0.51876   -0.68215   -0.17386   \n",
       "frxGBPUSD    0.59221   -0.41075   -0.41643   -0.58840    0.66721    0.26013   \n",
       "frxEURGBP    0.45507    0.03954   -0.17395   -0.35744    0.56900    0.55467   \n",
       "frxAUDUSD    0.00000   -0.24393   -0.39161   -0.58603    0.70841    0.29748   \n",
       "frxEURJPY   -0.24393    0.00000    0.78988    0.38581   -0.22573   -0.01445   \n",
       "frxGBPJPY   -0.39161    0.78988    0.00000    0.52041   -0.40639   -0.18871   \n",
       "frxUSDCHF   -0.58603    0.38581    0.52041    0.00000   -0.65251   -0.38098   \n",
       "frxEURUSD    0.70841   -0.22573   -0.40639   -0.65251    0.00000    0.49692   \n",
       "frxEURCAD    0.29748   -0.01445   -0.18871   -0.38098    0.49692    0.00000   \n",
       "frxEURCHF    0.24475    0.20085    0.06685    0.03579    0.31817    0.20291   \n",
       "frxEURAUD   -0.39335    0.15634    0.08030    0.11988   -0.09565    0.21898   \n",
       "\n",
       "           frxEURCHF  frxEURAUD  \n",
       "frxAUDJPY    0.20646   -0.08964  \n",
       "frxGBPAUD   -0.28074    0.53556  \n",
       "frxUSDJPY    0.01197    0.09320  \n",
       "frxUSDCAD   -0.26437    0.22639  \n",
       "frxGBPUSD    0.13108   -0.22154  \n",
       "frxEURGBP    0.39545    0.01979  \n",
       "frxAUDUSD    0.24475   -0.39335  \n",
       "frxEURJPY    0.20085    0.15634  \n",
       "frxGBPJPY    0.06685    0.08030  \n",
       "frxUSDCHF    0.03579    0.11988  \n",
       "frxEURUSD    0.31817   -0.09565  \n",
       "frxEURCAD    0.20291    0.21898  \n",
       "frxEURCHF    0.00000   -0.03842  \n",
       "frxEURAUD   -0.03842    0.00000  "
      ]
     },
     "execution_count": 20,
     "metadata": {},
     "output_type": "execute_result"
    }
   ],
   "source": [
    "#quote = data['tick']['quote']\n",
    "#pid = data['tick']['id']\n",
    "#symbol = data['tick']['symbol']\n",
    "#time = datetime.datetime.fromtimestamp(int(data['tick']['epoch']))\n",
    "sh_obj.corr_mat"
   ]
  },
  {
   "cell_type": "code",
   "execution_count": 271,
   "metadata": {},
   "outputs": [],
   "source": [
    "sh_obj.logout()\n",
    "#ws.send(json.dumps({\"forget_all\": \"ticks\"}))\n",
    "#ws.send(json.dumps({'logout': 1}))"
   ]
  },
  {
   "cell_type": "code",
   "execution_count": 25,
   "metadata": {},
   "outputs": [
    {
     "data": {
      "application/vnd.jupyter.widget-view+json": {
       "model_id": "0087229e77cf421383033d80f2abdda1",
       "version_major": 2,
       "version_minor": 0
      },
      "text/plain": [
       "interactive(children=(Dropdown(description='y', options=('frxAUDJPY', 'frxAUDUSD', 'frxEURAUD', 'frxEURCAD', '…"
      ]
     },
     "metadata": {},
     "output_type": "display_data"
    }
   ],
   "source": [
    "y = interactive(sh_obj.pairwise_plot, y = sh_obj.forex_major, x = sh_obj.forex_major)\n",
    "display(y)"
   ]
  },
  {
   "cell_type": "code",
   "execution_count": 26,
   "metadata": {},
   "outputs": [
    {
     "data": {
      "application/vnd.jupyter.widget-view+json": {
       "model_id": "2b3a43a70753428399081da0a95651fd",
       "version_major": 2,
       "version_minor": 0
      },
      "text/plain": [
       "interactive(children=(Output(),), _dom_classes=('widget-interact',))"
      ]
     },
     "metadata": {},
     "output_type": "display_data"
    }
   ],
   "source": [
    "def view():\n",
    "    display(sh_obj.coint_mat)\n",
    "    display(sh_obj.corr_mat)\n",
    "    return()\n",
    "x = interactive(view)\n",
    "x"
   ]
  },
  {
   "cell_type": "code",
   "execution_count": 40,
   "metadata": {},
   "outputs": [],
   "source": [
    "#data"
   ]
  },
  {
   "cell_type": "code",
   "execution_count": null,
   "metadata": {},
   "outputs": [],
   "source": []
  }
 ],
 "metadata": {
  "kernelspec": {
   "display_name": "Python 3",
   "language": "python",
   "name": "python3"
  },
  "language_info": {
   "codemirror_mode": {
    "name": "ipython",
    "version": 3
   },
   "file_extension": ".py",
   "mimetype": "text/x-python",
   "name": "python",
   "nbconvert_exporter": "python",
   "pygments_lexer": "ipython3",
   "version": "3.7.1"
  }
 },
 "nbformat": 4,
 "nbformat_minor": 2
}
